10
22
99 44 30 133 27 145 115 31 153 27 142 11 63 133 153 44 5 7 63 12 55 157
22
74 77 62 78 64 35 156 62 112 70 78 141 135 12 12 14 148 70 14 78 148 12
32
13 22 22 53 13 13 13 4 13 13 4 34 22 57 48 13 57 4 48 22 48 4 13 57 4 48 4 4 13 48 57 13
20
82 137 129 130 7 147 111 26 160 1 111 26 126 126 126 37 47 26 20 162
36
145 176 67 138 142 123 168 26 162 196 162 102 158 54 67 194 185 38 196 17 191 55 173 162 107 190 163 0 181 16 9 67 66 163 131 114
45
0 0 0 0 0 0 6 0 80 0 80 6 72 80 80 0 80 6 80 0 72 72 80 0 0 80 80 80 80 0 72 80 80 80 80 72 0 0 0 80 0 80 80 80 80
39
97 20 97 2 2 26 26 17 2 20 75 17 57 57 117 75 57 17 26 58 58 75 92 91 26 75 117 58 32 66 66 17 58 20 17 75 38 57 117
39
38 78 48 8 28 31 8 31 8 31 28 31 81 78 8 78 38 78 31 39 31 78 31 78 81 48 55 31 39 38 22 38 81 38 38 81 49 65 78
24
29 27 22 22 34 27 34 27 29 27 29 34 0 34 34 22 27 27 0 0 34 27 29 27
44
44 141 110 5 119 117 2 2 144 5 5 81 166 162 18 47 44 138 73 2 25 155 44 27 86 14 165 140 90 166 80 2 124 30 142 80 117 116 24 115 117 162 142 28
