20
27
81 88 116 81 84 95 103 146 103 75 36 112 75 95 16 115 95 76 95 146 103 27 111 134 81 88 27
46
21 102 166 31 91 89 166 104 166 21 21 65 166 51 102 143 39 93 21 120 120 39 120 143 93 143 93 39 91 143 120 143 166 51 51 65 65 73 39 150 21 39 21 121 150 93
32
61 8 4 6 63 54 0 13 19 7 18 54 33 32 63 17 63 44 60 13 2 44 18 0 38 60 17 5 47 1 5 62
28
70 65 40 70 65 56 56 77 65 65 74 77 56 56 70 74 77 56 65 70 56 65 40 56 70 70 70 65
35
36 36 36 59 28 57 28 13 41 59 28 7 28 28 66 70 66 13 41 12 41 28 41 28 12 66 59 66 36 57 66 41 41 66 36
49
86 27 92 90 19 78 78 65 39 74 27 56 39 92 62 90 24 19 27 78 92 92 86 62 78 92 27 62 78 39 78 7 19 39 86 99 99 78 90 24 7 24 24 8 7 36 39 98 90
42
77 64 56 64 14 64 51 54 56 51 51 77 56 56 64 40 40 51 64 64 40 48 5 64 56 51 64 40 22 64 64 56 22 56 51 56 51 58 64 56 56 56
21
67 4 56 68 119 86 69 86 62 4 86 56 77 97 4 109 67 119 4 68 77
45
38 82 51 50 40 20 59 90 53 38 75 74 75 59 38 83 27 82 21 20 20 0 20 50 72 75 59 25 75 12 90 57 82 12 69 3 57 75 59 38 12 75 70 74 51
16
73 69 27 88 47 29 0 59 39 39 39 30 74 88 29 0
43
2 131 2 2 21 15 117 18 24 21 18 2 123 123 82 41 15 87 41 131 82 45 41 15 123 123 15 57 87 15 70 123 18 131 15 87 21 87 15 87 30 30 41
50
86 8 49 84 15 98 61 36 13 84 56 32 57 86 61 32 6 86 13 72 58 13 8 61 58 20 34 8 13 86 34 49 42 56 98 49 45 49 34 34 56 61 56 13 35 25 34 21 61 74
39
24 9 9 38 24 6 9 6 38 24 38 16 24 16 9 24 9 16 9 75 75 9 9 75 19 9 9 38 9 16 6 38 16 75 23 11 38 29 24
29
4 65 4 33 4 22 4 10 8 22 8 65 4 22 4 41 8 4 22 33 4 33 22 8 8 4 41 4 41
36
40 40 47 12 36 47 6 47 47 47 67 40 84 49 33 6 6 6 52 47 62 40 40 5 49 84 49 49 47 6 47 0 36 40 47 47
17
91 42 45 91 11 31 31 15 80 8 66 63 15 15 101 82 47
17
12 11 5 11 11 11 11 11 15 5 15 17 5 11 12 7 11
24
40 40 4 40 40 40 40 4 40 40 40 40 40 4 40 4 40 40 40 40 40 40 40 20
20
69 87 1 73 88 19 73 62 82 71 66 71 73 0 44 25 41 87 82 44
20
25 25 25 25 25 25 25 25 25 25 25 25 25 25 25 25 25 25 25 25
