40
29
110 43 6 71 115 58 51 65 117 45 80 71 115 80 63 94 82 110 51 65 39 23 58 20 80 80 23 114 115
48
87 5 32 32 5 5 87 46 5 74 5 37 11 59 46 31 63 37 46 32 39 39 14 31 38 32 43 32 63 38 59 43 38 5 32 25 46 32 5 46 31 67 31 32 38 31 38 39
25
61 128 61 76 175 43 117 76 81 74 43 128 170 31 61 5 76 139 9 114 175 76 91 5 5
40
103 200 11 90 200 121 103 177 177 111 137 10 116 2 34 90 34 31 101 177 119 70 116 156 34 34 119 103 121 200 177 193 116 137 137 121 4 117 119 80
32
96 116 75 115 8 36 69 37 51 64 107 77 96 69 64 33 75 77 96 33 7 69 77 37 8 96 91 37 96 24 115 37
16
51 14 42 9 29 34 31 18 30 22 16 4 46 30 46 42
48
84 28 84 96 75 76 76 1 31 75 76 4 84 75 84 4 96 76 76 96 31 1 15 84 60 76 25 84 75 76 26 76 75 76 76 15 28 76 84 15 69 1 76 76 31 15 58 96
24
52 32 164 160 16 115 165 157 25 68 48 94 94 87 114 52 68 180 75 130 106 101 91 17
35
105 74 182 149 63 166 88 89 169 69 110 0 105 74 13 88 88 62 187 110 92 74 89 34 138 28 173 184 187 7 69 145 62 28 28
39
80 32 31 35 63 53 60 78 24 80 53 60 19 76 31 1 35 1 68 75 73 31 78 41 19 50 76 31 35 73 68 31 53 75 48 76 32 63 2
48
1 8 42 75 42 1 1 8 82 82 64 8 95 82 43 95 1 1 42 82 42 64 95 95 1 82 64 95 8 1 1 95 42 82 1 82 1 42 42 82 42 42 1 42 1 1 1 64
48
39 37 37 16 39 91 16 39 88 37 88 1 61 2 2 77 36 88 39 37 88 77 73 36 61 2 1 39 39 91 1 91 91 37 2 39 91 1 37 88 2 88 2 36 2 39 39 77
39
59 48 23 71 69 47 71 25 25 71 41 47 71 41 23 25 25 23 41 48 75 69 23 59 75 69 71 23 71 48 69 59 71 71 41 47 71 47 25
33
28 28 7 7 56 28 9 7 56 39 7 7 21 7 49 9 7 7 7 7 56 7 56 7 28 49 49 56 28 35 7 49 49
17
8 8 8 8 8 30 8 8 8 8 8 19 19 19 8 8 8
33
24 27 51 51 24 57 27 51 70 63 24 70 24 24 70 52 57 63 63 63 70 70 70 57 48 24 70 70 24 70 63 24 24
41
52 52 52 52 52 52 52 52 52 52 52 52 52 52 52 52 52 52 52 52 52 52 52 52 52 52 52 52 52 52 52 52 52 52 52 52 52 52 52 52 52
28
17 162 0 41 71 70 147 117 58 161 89 119 61 5 12 21 65 141 27 65 92 113 40 42 58 162 61 88
20
138 143 141 125 151 130 137 130 133 151 151 130 153 66 138 133 66 138 125 125
32
31 4 14 11 14 4 31 11 31 49 31 31 4 59 8 7 14 14 8 9 8 8 4 11 8 31 14 11 8 8 4 8
47
74 16 16 11 74 11 16 16 16 16 74 16 11 11 16 11 74 16 74 74 20 11 74 11 16 16 19 16 16 16 20 16 74 16 74 74 74 16 16 16 16 74 74 11 74 11 74
31
12 55 50 24 2 35 2 37 50 10 38 58 35 18 32 50 42 37 25 50 10 16 33 2 35 58 50 24 35 18 37
42
83 83 40 83 40 83 16 29 40 29 83 83 83 83 40 29 78 83 83 83 16 83 83 40 80 40 40 83 83 29 80 80 16 29 83 83 29 83 83 83 40 29
29
46 5 44 21 51 21 12 44 51 5 36 44 48 44 36 51 21 46 51 44 44 12 51 51 58 53 12 51 48
48
68 32 31 23 31 23 23 4 4 32 31 70 32 68 68 32 32 32 4 32 32 16 16 31 68 70 32 4 23 16 32 32 70 68 68 4 68 32 31 23 32 32 68 4 31 23 73 96
50
90 111 119 22 46 162 87 34 133 131 162 4 111 102 56 148 145 89 130 72 4 11 15 84 115 18 55 142 142 133 41 120 133 90 120 66 17 60 36 76 60 145 80 54 109 15 68 78 114 34
45
98 27 35 35 61 61 22 27 15 7 123 123 98 22 13 61 61 13 116 70 70 22 68 61 35 61 70 7 70 39 61 68 37 116 136 65 61 70 61 104 27 136 13 55 15
24
13 13 8 13 8 11 13 13 8 13 13 13 13 13 13 1 8 13 13 13 13 11 13 13
41
118 21 51 53 68 95 63 58 15 44 63 44 51 9 96 93 51 86 51 86 33 19 86 53 35 44 58 35 51 35 93 68 63 69 8 21 58 40 73 35 35
26
21 21 21 12 9 12 3 28 21 20 9 21 4 12 9 4 28 4 9 12 12 9 21 9 12 28
41
6 75 53 82 94 6 17 53 18 57 47 0 35 7 8 57 17 35 53 18 7 55 35 8 90 3 1 18 53 55 71 7 72 71 19 18 31 7 6 47 53
17
92 50 73 73 158 100 82 149 149 92 144 50 62 151 62 158 62
38
2 27 63 147 100 2 34 92 154 76 41 76 16 21 51 32 119 14 21 25 34 133 25 57 27 63 122 26 2 146 52 26 175 27 7 65 120 27
36
69 114 86 102 86 67 89 69 54 67 67 86 69 69 69 54 67 104 69 114 29 32 99 54 85 1 32 69 32 114 69 99 99 67 67 64
17
48 110 24 78 109 91 109 110 44 109 28 115 109 120 66 76 108
15
20 20 20 20 20 20 20 20 20 20 20 19 20 20 20
31
64 99 112 41 71 22 22 91 84 60 112 127 71 22 51 112 12 26 51 8 22 10 64 71 22 0 71 69 121 121 0
19
33 68 33 42 84 84 84 108 26 57 26 84 42 57 114 13 26 23 114
24
163 94 137 137 137 137 107 142 44 196 163 86 97 66 86 93 163 9 134 132 1 5 5 44
23
175 171 29 176 113 56 166 54 185 86 24 54 6 121 60 60 78 54 121 59 11 24 24
