50
34
53 52 33 52 58 53 31 58 52 31 53 31 49 49 53 53 52 31 49 33 33 58 49 33 67 33 58 53 52 52 31 33 33 53
29
93 49 95 259 348 42 11 213 340 300 248 58 58 92 21 92 53 88 88 262 132 58 192 258 11 258 233 11 11
49
36 6 11 6 25 85 85 25 50 105 30 95 11 0 77 85 50 67 75 110 11 30 22 25 73 0 111 85 25 85 0 61 81 6 92 18 62 0 0 81 73 85 81 114 36 18 68 119 38
36
142 46 109 30 326 228 300 300 128 67 326 304 90 17 171 125 67 111 329 68 300 182 300 321 289 100 326 289 329 397 142 27 289 125 300 300
19
18 294 100 91 315 335 129 136 254 322 129 46 252 322 281 241 177 88 288
37
42 43 64 43 43 27 27 43 27 27 43 27 43 43 27 27 27 27 64 27 27 43 43 43 42 43 27 7 43 43 42 34 64 27 64 43 27
26
57 13 141 137 108 52 108 12 112 148 159 137 104 137 148 184 5 5 159 136 52 137 112 13 114 112
35
31 145 137 88 44 146 170 62 169 49 17 91 136 91 137 50 75 3 177 126 157 113 49 67 134 17 134 35 136 27 175 9 58 58 115
35
167 308 230 64 327 117 356 308 308 240 27 239 286 356 256 327 110 239 240 204 44 239 319 388 314 259 113 28 139 139 89 226 122 44 308
31
64 168 168 19 182 2 195 166 166 182 60 195 195 113 113 19 225 166 190 47 168 220 166 109 5 166 34 5 168 225 220
50
157 189 175 24 145 278 294 258 299 157 121 169 266 244 101 270 51 157 157 270 180 43 239 100 100 146 278 3 24 145 59 146 270 3 24 278 110 122 101 175 51 226 180 24 122 278 3 180 51 169
28
30 316 250 115 164 3 361 224 7 104 231 122 165 349 260 322 179 43 185 335 58 223 336 337 61 238 355 49
49
119 136 107 24 136 41 71 130 130 65 63 136 41 65 155 76 130 41 14 72 72 76 149 155 76 63 107 31 65 31 136 41 72 24 24 65 19 65 130 136 65 65 76 159 130 136 14 155 149
44
103 43 69 66 43 90 69 23 3 69 59 23 88 69 39 73 41 43 54 1 31 36 90 49 23 114 6 73 10 65 66 60 51 0 66 89 84 89 43 60 114 51 23 88
18
36 36 36 36 36 36 36 36 36 36 36 36 36 36 36 36 36 36
41
23 98 88 9 70 93 143 197 166 3 172 40 9 63 88 23 199 29 98 194 97 29 156 25 195 127 24 113 120 143 113 120 93 120 70 25 23 3 195 172 126
39
4 77 77 77 77 4 4 10 77 77 77 4 4 77 4 4 4 4 77 4 77 4 77 4 4 4 10 4 4 77 4 77 77 77 10 4 4 77 10
31
273 320 245 222 294 293 98 108 222 98 268 168 30 185 311 48 84 121 273 268 273 102 118 273 108 273 222 40 121 118 293
22
226 17 62 127 246 168 65 249 114 148 198 17 62 17 65 127 251 180 290 295 161 145
47
155 63 290 101 237 125 45 178 244 105 204 256 177 263 311 62 26 259 270 234 293 301 132 20 169 8 207 238 236 235 65 2 272 178 234 306 254 162 116 45 114 293 311 44 97 33 311
49
61 61 61 61 61 61 61 61 61 61 61 61 61 61 61 61 61 61 61 61 61 61 61 61 61 61 61 61 61 58 61 61 61 61 61 61 61 61 61 61 61 61 61 61 61 61 61 61 61
29
79 67 46 217 87 100 205 67 225 96 7 84 67 193 164 96 123 46 205 113 205 7 33 169 7 261 217 233 217
25
31 31 67 23 80 64 5 1 62 10 1 62 1 5 64 5 62 59 13 31 37 62 59 79 48
30
162 146 184 166 284 256 284 94 85 184 3 72 130 241 244 284 6 316 3 6 94 149 129 106 184 130 162 157 316 3
21
329 355 131 260 258 261 124 261 214 291 76 258 131 41 166 167 236 261 187 35 124
47
216 128 128 96 104 154 69 185 150 97 97 34 204 225 105 216 2 140 204 33 96 96 204 104 42 150 152 105 185 85 204 204 38 38 104 104 69 38 3 160 104 160 150 105 140 154 128
16
29 19 19 26 29 19 29 29 20 19 19 19 19 19 29 19
39
65 10 97 38 232 84 272 210 60 293 65 87 243 124 19 97 137 15 293 214 38 219 222 87 305 78 40 22 322 128 338 264 122 106 264 231 159 140 15
38
240 278 113 308 288 260 151 141 111 228 228 350 60 142 329 260 240 218 40 350 64 228 72 278 211 112 294 135 213 40 79 64 52 180 350 218 107 260
20
306 98 283 27 137 160 293 74 248 332 283 59 306 366 127 303 89 345 160 251
29
2 109 62 62 5 15 33 36 33 62 17 62 15 123 47 62 36 33 86 36 86 109 123 36 62 33 64 60 64
42
114 75 260 179 139 173 179 172 173 77 179 298 51 104 79 52 172 139 173 44 8 51 126 179 173 35 122 139 51 290 123 51 79 104 278 173 170 138 173 139 173 179
17
78 74 101 101 49 32 32 110 49 88 32 106 101 49 7 32 35
27
82 10 40 58 87 85 63 39 91 45 56 88 32 87 15 47 3 85 8 14 32 66 3 8 8 15 54
47
111 100 243 44 83 68 102 77 147 101 88 221 35 228 7 47 150 7 85 153 231 7 196 98 186 47 222 207 88 68 77 69 221 82 164 5 222 111 111 72 88 42 68 68 218 71 221
36
203 192 49 203 49 142 56 52 3 199 192 21 198 49 63 234 160 131 192 57 234 85 85 56 146 131 192 94 3 135 84 234 57 160 85 33
28
56 28 56 28 56 28 28 56 56 56 28 28 28 56 56 28 56 28 28 56 28 28 28 56 28 28 56 28
25
5 192 70 179 68 1 78 151 116 128 187 41 32 106 8 117 27 14 155 22 143 142 100 155 41
31
264 4 260 13 15 38 26 43 219 149 326 257 132 228 15 88 307 151 187 166 190 151 175 124 288 184 319 189 125 13 302
18
112 98 51 41 104 171 98 156 165 98 162 194 160 98 43 127 85 87
46
11 80 64 149 64 176 101 19 26 80 17 26 149 20 26 149 25 25 191 174 80 80 20 142 80 25 64 19 113 11 149 64 27 101 142 176 174 26 25 191 80 176 113 26 191 149
17
347 69 330 118 221 221 128 75 226 4 134 320 320 347 270 285 320
28
59 7 15 7 72 9 15 7 9 74 72 72 59 59 9 9 59 9 9 32 7 9 7 15 61 59 60 15
27
21 21 21 50 8 20 8 36 16 42 54 50 54 8 50 50 54 42 50 50 36 20 50 16 36 21 21
32
116 56 192 152 76 197 131 149 102 34 2 2 45 116 41 84 21 119 25 156 102 192 70 61 175 146 173 2 197 102 169 51
45
284 258 210 238 313 34 210 297 7 248 231 158 9 38 59 9 210 143 210 254 305 214 36 238 20 297 50 289 144 305 69 278 13 38 50 284 9 305 305 210 303 313 231 174 144
39
168 64 149 108 106 60 4 60 156 2 179 126 2 117 93 35 117 60 16 149 151 93 33 156 117 65 83 170 72 45 151 111 159 151 20 24 144 57 73
29
182 96 281 119 73 187 35 111 203 203 12 60 54 100 287 171 24 239 287 106 183 346 79 122 346 346 358 167 9
27
170 192 256 177 130 239 40 95 177 195 173 10 35 78 34 170 251 130 130 192 124 207 40 170 254 64 162
41
277 1 316 143 45 213 178 45 83 244 18 284 12 321 355 67 154 294 224 193 358 155 110 48 212 187 73 107 254 356 27 171 316 356 213 219 134 219 45 181 287
