10
22
99 44 30 133 27 145 115 31 153 27 142 11 63 133 153 44 5 7 63 12 55 157
22
74 77 62 78 64 35 156 62 112 70 78 141 135 12 12 14 148 70 14 78 148 12
20
82 137 129 130 7 147 111 26 160 1 111 26 126 126 126 37 47 26 20 162
36
145 176 67 138 142 123 168 26 162 196 162 102 158 54 67 194 185 38 196 17 191 55 173 162 107 190 163 0 181 16 9 67 66 163 131 114
39
97 20 97 2 2 26 26 17 2 20 75 17 57 57 117 75 57 17 26 58 58 75 92 91 26 75 117 58 32 66 66 17 58 20 17 75 38 57 117
44
44 141 110 5 119 117 2 2 144 5 5 81 166 162 18 47 44 138 73 2 25 155 44 27 86 14 165 140 90 166 80 2 124 30 142 80 117 116 24 115 117 162 142 28
30
34 11 113 115 48 96 102 81 3 1 48 44 16 31 74 71 69 110 90 97 24 54 96 1 71 61 67 36 63 108
47
100 60 79 14 100 100 138 136 112 110 113 118 113 12 135 60 100 101 92 60 138 110 69 113 136 110 110 121 110 14 89 113 27 110 14 112 112 137 89 27 23 80 82 136 121 89 89
41
133 58 106 124 133 11 115 109 36 5 6 79 3 3 141 66 141 11 118 132 70 133 69 50 6 61 100 79 3 78 21 3 127 143 127 70 11 124 121 103 69
33
48 52 48 57 66 41 81 49 48 83 52 52 83 41 52 57 59 57 52 48 59 57 52 9 59 65 57 41 57 66 41 48 57
