20
27
81 88 116 81 84 95 103 146 103 75 36 112 75 95 16 115 95 76 95 146 103 27 111 134 81 88 27
46
21 102 166 31 91 89 166 104 166 21 21 65 166 51 102 143 39 93 21 120 120 39 120 143 93 143 93 39 91 143 120 143 166 51 51 65 65 73 39 150 21 39 21 121 150 93
32
61 8 4 6 63 54 0 13 19 7 18 54 33 32 63 17 63 44 60 13 2 44 18 0 38 60 17 5 47 1 5 62
49
86 27 92 90 19 78 78 65 39 74 27 56 39 92 62 90 24 19 27 78 92 92 86 62 78 92 27 62 78 39 78 7 19 39 86 99 99 78 90 24 7 24 24 8 7 36 39 98 90
45
38 82 51 50 40 20 59 90 53 38 75 74 75 59 38 83 27 82 21 20 20 0 20 50 72 75 59 25 75 12 90 57 82 12 69 3 57 75 59 38 12 75 70 74 51
43
2 131 2 2 21 15 117 18 24 21 18 2 123 123 82 41 15 87 41 131 82 45 41 15 123 123 15 57 87 15 70 123 18 131 15 87 21 87 15 87 30 30 41
50
86 8 49 84 15 98 61 36 13 84 56 32 57 86 61 32 6 86 13 72 58 13 8 61 58 20 34 8 13 86 34 49 42 56 98 49 45 49 34 34 56 61 56 13 35 25 34 21 61 74
39
24 9 9 38 24 6 9 6 38 24 38 16 24 16 9 24 9 16 9 75 75 9 9 75 19 9 9 38 9 16 6 38 16 75 23 11 38 29 24
36
40 40 47 12 36 47 6 47 47 47 67 40 84 49 33 6 6 6 52 47 62 40 40 5 49 84 49 49 47 6 47 0 36 40 47 47
17
91 42 45 91 11 31 31 15 80 8 66 63 15 15 101 82 47
27
84 64 124 46 37 31 84 54 54 48 46 114 28 54 60 37 37 37 135 71 54 84 51 31 114 51 84
23
31 161 32 112 33 5 91 154 15 15 33 112 145 149 16 16 93 91 19 103 118 159 77
46
52 78 69 40 40 52 67 67 67 40 67 67 22 67 69 69 67 69 40 40 16 79 69 22 52 78 40 31 69 40 16 67 67 40 52 16 40 69 16 16 78 16 40 69 67 40
28
62 7 9 16 24 36 86 80 89 13 38 4 67 7 37 89 38 32 24 13 82 8 36 32 38 13 31 10
38
82 82 16 82 63 106 16 59 8 82 80 120 16 44 97 44 82 97 86 120 56 80 56 16 59 44 101 16 86 60 126 86 120 56 97 44 16 80
21
109 158 42 20 50 141 154 42 141 42 89 129 61 135 158 77 61 20 4 59 120
35
83 56 113 12 113 120 99 87 44 28 62 123 48 48 48 62 19 34 34 98 87 71 19 123 28 120 62 33 87 62 35 113 83 12 21
18
73 13 47 73 55 48 5 55 22 47 48 39 35 13 80 13 13 13
32
180 186 12 85 83 47 130 127 186 159 51 39 122 151 154 183 142 31 27 34 26 192 174 2 86 12 12 74 12 31 97 168
31
113 15 151 38 76 63 113 178 151 167 118 76 35 50 59 50 172 151 87 60 54 50 133 172 38 10 172 121 172 91 87
