40
29
110 43 6 71 115 58 51 65 117 45 80 71 115 80 63 94 82 110 51 65 39 23 58 20 80 80 23 114 115
48
87 5 32 32 5 5 87 46 5 74 5 37 11 59 46 31 63 37 46 32 39 39 14 31 38 32 43 32 63 38 59 43 38 5 32 25 46 32 5 46 31 67 31 32 38 31 38 39
40
103 200 11 90 200 121 103 177 177 111 137 10 116 2 34 90 34 31 101 177 119 70 116 156 34 34 119 103 121 200 177 193 116 137 137 121 4 117 119 80
32
96 116 75 115 8 36 69 37 51 64 107 77 96 69 64 33 75 77 96 33 7 69 77 37 8 96 91 37 96 24 115 37
16
51 14 42 9 29 34 31 18 30 22 16 4 46 30 46 42
24
52 32 164 160 16 115 165 157 25 68 48 94 94 87 114 52 68 180 75 130 106 101 91 17
35
105 74 182 149 63 166 88 89 169 69 110 0 105 74 13 88 88 62 187 110 92 74 89 34 138 28 173 184 187 7 69 145 62 28 28
39
80 32 31 35 63 53 60 78 24 80 53 60 19 76 31 1 35 1 68 75 73 31 78 41 19 50 76 31 35 73 68 31 53 75 48 76 32 63 2
28
17 162 0 41 71 70 147 117 58 161 89 119 61 5 12 21 65 141 27 65 92 113 40 42 58 162 61 88
48
68 32 31 23 31 23 23 4 4 32 31 70 32 68 68 32 32 32 4 32 32 16 16 31 68 70 32 4 23 16 32 32 70 68 68 4 68 32 31 23 32 32 68 4 31 23 73 96
50
90 111 119 22 46 162 87 34 133 131 162 4 111 102 56 148 145 89 130 72 4 11 15 84 115 18 55 142 142 133 41 120 133 90 120 66 17 60 36 76 60 145 80 54 109 15 68 78 114 34
45
98 27 35 35 61 61 22 27 15 7 123 123 98 22 13 61 61 13 116 70 70 22 68 61 35 61 70 7 70 39 61 68 37 116 136 65 61 70 61 104 27 136 13 55 15
41
118 21 51 53 68 95 63 58 15 44 63 44 51 9 96 93 51 86 51 86 33 19 86 53 35 44 58 35 51 35 93 68 63 69 8 21 58 40 73 35 35
41
6 75 53 82 94 6 17 53 18 57 47 0 35 7 8 57 17 35 53 18 7 55 35 8 90 3 1 18 53 55 71 7 72 71 19 18 31 7 6 47 53
38
2 27 63 147 100 2 34 92 154 76 41 76 16 21 51 32 119 14 21 25 34 133 25 57 27 63 122 26 2 146 52 26 175 27 7 65 120 27
31
64 99 112 41 71 22 22 91 84 60 112 127 71 22 51 112 12 26 51 8 22 10 64 71 22 0 71 69 121 121 0
24
163 94 137 137 137 137 107 142 44 196 163 86 97 66 86 93 163 9 134 132 1 5 5 44
23
175 171 29 176 113 56 166 54 185 86 24 54 6 121 60 60 78 54 121 59 11 24 24
31
89 151 142 100 37 178 93 71 12 63 133 192 84 12 130 173 131 180 152 184 40 48 48 100 173 111 7 192 0 146 45
29
11 43 71 33 22 11 17 13 37 86 79 55 69 55 79 28 95 11 42 33 93 42 13 64 37 64 92 69 27
46
48 34 49 58 38 63 77 78 66 62 79 26 60 63 65 5 57 80 42 32 42 35 48 74 63 14 79 4 48 35 14 58 27 48 35 5 47 77 64 61 56 5 27 12 32 42
22
8 13 15 73 10 61 62 61 47 27 47 76 84 25 20 10 6 25 8 38 20 10
42
49 13 62 32 13 46 57 56 36 52 77 13 57 38 32 73 30 26 67 67 77 4 45 41 41 44 36 38 13 17 45 46 61 79 61 17 69 56 41 61 40 32
41
69 96 89 66 54 96 66 69 79 2 96 20 89 21 46 89 46 78 96 66 66 78 2 78 68 14 46 46 66 66 69 2 89 78 2 66 78 66 78 46 78
48
148 46 171 130 109 155 104 95 148 176 13 59 168 57 157 86 141 138 14 94 14 65 57 157 65 138 13 130 3 46 3 114 65 3 95 14 65 138 151 138 74 13 168 52 133 74 117 104
48
66 52 83 36 166 111 11 127 152 109 35 35 123 31 100 118 83 82 35 154 108 44 127 87 117 47 109 154 156 117 159 154 73 104 108 155 36 11 83 60 82 67 44 129 73 155 161 154
25
127 9 119 56 11 144 74 92 129 140 55 164 88 162 25 51 166 6 170 164 185 102 92 146 119
36
18 52 47 9 82 36 9 71 8 32 71 82 8 32 18 36 47 32 36 47 82 15 36 49 9 36 8 47 8 47 36 36 47 47 36 8
21
142 90 78 59 57 136 54 85 20 78 102 36 16 82 59 136 70 9 76 3 19
16
61 117 85 27 2 62 138 49 67 61 117 13 59 2 98 92
41
134 68 50 70 42 42 93 64 41 80 70 124 80 64 64 119 124 64 134 42 34 41 64 80 64 134 16 119 93 50 42 41 11 59 34 93 34 80 48 70 15
16
117 62 150 110 38 49 103 108 62 161 38 132 49 68 50 55
32
48 55 109 117 126 108 24 108 101 81 44 56 1 87 39 129 64 132 93 19 124 0 33 23 33 81 58 67 3 58 77 19
50
28 75 55 55 54 77 28 83 66 36 28 25 75 55 36 25 65 55 20 25 66 66 28 28 25 36 66 28 66 55 75 28 36 77 41 77 41 20 28 66 54 28 36 36 20 55 25 28 28 20
50
74 74 9 95 9 91 46 93 1 46 128 70 10 59 32 95 91 9 114 97 9 9 95 74 74 9 9 59 10 32 70 73 74 73 14 95 46 74 59 113 50 143 36 46 59 143 128 10 142 74
43
71 53 86 17 64 7 69 71 52 17 64 40 69 71 69 34 34 64 34 17 0 69 0 34 10 7 86 69 74 59 53 71 64 17 64 54 74 71 0 53 89 94 74
36
57 75 125 74 96 35 114 110 56 76 32 45 36 133 110 107 36 39 86 75 75 32 56 91 96 101 56 56 15 15 36 15 114 62 118 11
46
134 136 106 1 126 134 126 56 134 34 124 4 84 126 134 106 7 124 136 84 84 114 126 84 101 134 22 84 15 46 46 46 130 56 34 22 101 1 7 7 49 126 4 134 130 56
37
150 49 72 171 101 139 119 24 159 153 81 119 147 49 150 171 159 150 171 119 171 114 147 85 27 159 147 119 38 78 44 10 153 159 27 27 159
34
37 134 154 37 40 134 104 33 32 64 152 95 37 82 33 26 37 104 52 37 134 64 66 16 35 50 126 104 100 26 100 151 134 33
