100
24
2 58 50 18 44 2 39 50 54 71 39 64 2 17 50 37 32 17 59 8 44 8 2 74
23
72 18 81 72 131 131 67 89 25 55 67 8 131 18 33 33 67 48 89 133 79 55 33
39
64 15 140 158 21 158 59 52 81 19 34 173 17 64 68 68 133 32 159 105 159 133 105 21 175 175 158 175 175 105 68 68 175 158 75 133 15 18 133
24
104 64 103 20 138 130 70 108 82 85 135 135 9 99 37 113 83 113 32 75 37 125 106 132
25
84 75 99 61 5 5 5 107 99 84 25 120 5 93 64 99 23 64 99 107 61 5 84 44 4
26
87 171 120 0 126 91 47 65 4 103 120 91 92 4 41 92 12 91 63 36 91 47 91 168 33 0
26
2 45 28 35 35 28 28 9 21 32 15 45 46 35 15 16 28 34 3 34 9 45 28 45 6 16
27
87 0 10 1 101 37 101 98 22 75 6 98 15 15 1 68 92 101 117 101 12 0 0 44 59 24 24
35
91 9 48 63 70 98 9 63 48 20 49 70 87 57 0 0 98 63 4 18 36 81 39 18 30 20 39 52 48 98 21 48 20 91 12
25
31 4 59 13 9 29 22 29 46 19 13 46 4 13 62 4 52 31 4 12 29 29 29 31 31
19
90 84 4 70 36 36 126 130 99 41 90 152 119 178 177 50 111 165 24
49
146 17 131 17 17 24 92 17 144 126 103 32 66 114 51 17 17 122 87 24 126 89 16 103 125 84 75 146 15 78 115 137 122 99 95 21 114 74 17 30 126 124 15 144 117 67 144 24 118
35
22 1 42 11 1 86 22 104 84 34 86 39 53 84 20 39 31 39 42 77 11 39 14 14 35 55 104 84 34 95 83 21 42 22 84
49
78 136 160 165 9 46 24 90 163 160 20 165 78 112 142 159 15 60 78 112 33 165 24 9 136 163 72 165 15 15 78 142 91 135 24 66 56 37 40 72 136 37 43 46 124 43 136 136 33
40
18 82 82 95 95 77 83 58 65 63 7 58 18 65 18 65 90 7 90 18 7 19 27 19 108 18 74 18 52 83 7 7 104 7 65 83 19 7 65 18
39
25 78 71 71 2 78 70 31 36 3 48 10 40 10 31 58 32 69 0 25 70 38 23 54 30 38 15 40 65 3 66 33 21 40 42 75 23 39 55
32
30 134 155 37 21 123 9 147 43 15 101 114 128 87 64 50 149 90 155 152 84 79 3 158 64 93 21 103 119 24 79 63
27
12 62 62 25 42 36 59 9 21 9 70 36 35 35 59 21 62 74 65 52 21 25 25 62 59 70 21
37
80 73 38 15 39 61 73 15 24 80 38 15 3 24 83 40 40 24 94 80 73 57 3 24 24 40 27 38 73 80 73 24 40 6 38 25 24
43
98 154 25 132 40 55 89 5 124 156 24 55 25 41 92 16 40 77 77 32 5 60 40 86 86 132 124 32 139 106 16 154 24 40 5 88 103 40 77 40 55 98 154
46
71 71 6 75 71 6 75 55 81 38 6 39 71 26 6 74 55 6 38 38 55 71 55 6 71 6 71 26 39 75 34 39 6 6 81 39 6 6 55 71 55 6 71 6 75 26
26
3 17 89 21 15 36 20 36 6 42 104 36 99 3 21 3 55 55 36 71 71 61 42 61 71 21
15
8 68 30 32 73 45 45 63 45 47 48 34 48 45 8
34
115 102 60 51 17 137 104 25 28 51 89 100 1 56 90 115 38 35 76 62 41 151 46 14 51 14 101 25 90 56 57 99 126 153
35
26 3 106 9 158 41 121 12 106 121 12 158 3 84 3 22 22 135 68 152 22 68 84 22 3 29 121 29 26 29 22 165 22 176 158
43
37 63 37 17 86 37 36 63 62 60 66 36 37 63 62 36 63 110 84 37 66 63 36 63 62 63 60 73 63 86 86 66 36 63 35 126 63 86 63 84 37 62 62
44
56 87 0 135 122 132 82 118 111 12 122 3 47 130 103 31 0 83 113 124 12 102 82 95 106 102 0 87 82 30 124 95 119 38 30 132 124 95 118 0 52 130 12 119
33
28 77 110 86 110 27 28 17 42 77 62 76 104 38 98 92 92 38 92 52 17 38 29 38 77 38 98 29 150 104 35 67 98
20
31 46 93 52 22 52 95 44 25 60 30 65 91 87 23 30 71 6 93 81
16
112 105 32 98 131 19 15 167 98 85 103 26 57 31 135 20
48
111 110 29 132 84 111 98 62 48 135 91 98 59 8 111 98 29 132 84 62 111 8 128 29 119 8 98 119 110 91 84 137 29 98 29 127 103 37 132 37 103 137 111 8 3 29 116 40
38
42 8 29 42 10 29 8 18 7 10 8 45 3 10 7 10 7 18 18 10 3 3 79 18 7 13 7 79 29 29 10 10 42 7 7 10 29 18
44
70 4 20 81 41 69 81 20 41 41 70 31 4 4 20 53 41 26 20 53 24 20 81 53 4 31 4 4 53 66 44 41 71 73 41 71 69 26 66 4 4 20 81 53
17
0 32 58 80 108 16 110 32 0 79 79 77 99 49 88 101 129
33
8 155 181 57 56 56 177 132 111 174 181 169 132 83 57 28 111 113 28 57 165 151 111 56 111 132 43 113 151 74 72 72 58
45
85 74 86 65 63 65 180 75 175 150 150 74 10 3 50 134 175 114 133 65 141 82 108 76 114 106 101 19 19 108 121 128 63 3 63 95 143 19 133 128 19 141 62 137 3
38
32 6 28 37 88 97 133 37 138 83 32 83 6 4 85 125 62 88 37 97 83 125 64 42 81 16 95 116 37 95 89 21 37 37 16 88 16 37
47
7 78 60 46 36 7 60 104 80 94 32 83 121 60 7 120 103 25 32 7 49 45 36 32 36 51 60 60 7 60 45 60 46 46 60 83 36 81 7 36 18 83 7 106 32 32 32
44
113 34 67 137 70 121 61 72 78 18 137 142 53 28 145 142 129 2 29 117 158 153 121 28 68 158 150 114 126 126 34 150 53 55 10 21 83 41 41 51 155 10 40 39
36
63 32 49 49 16 33 32 2 38 18 62 39 0 33 2 70 39 0 39 9 10 1 33 9 49 0 16 9 70 39 1 49 62 9 39 16
26
26 40 5 26 7 34 35 49 30 35 7 30 35 35 30 5 30 26 26 40 35 12 7 30 30 26
45
62 4 4 51 70 9 28 9 82 63 28 38 46 8 1 56 1 70 4 28 48 38 46 63 38 63 62 2 51 51 90 11 16 15 28 15 11 69 90 1 51 35 15 1 16
40
36 89 38 48 26 77 26 58 74 34 86 64 69 77 77 58 28 86 80 32 77 86 48 80 4 77 4 58 77 48 48 46 21 58 86 2 4 2 74 36
15
61 16 16 34 27 72 16 61 19 39 23 40 15 55 15
43
38 48 34 82 73 74 49 82 7 39 34 48 22 22 7 22 34 22 66 34 82 22 40 74 34 48 34 38 39 22 73 38 22 48 66 38 7 73 22 38 74 34 34
32
36 19 32 81 20 76 5 88 81 101 2 19 66 17 105 48 2 67 5 43 5 10 19 88 43 101 51 20 43 88 19 20
21
45 81 41 151 81 90 105 185 124 158 89 75 159 124 59 15 180 38 27 180 52
32
140 93 132 17 34 2 104 38 17 1 109 79 93 2 22 104 29 120 1 17 93 61 127 79 99 120 29 17 29 109 120 64
32
26 80 118 103 124 103 152 143 152 6 6 118 145 6 107 53 1 26 128 145 99 26 15 15 121 9 121 124 80 145 61 15
40
96 11 165 111 152 76 3 0 164 94 164 125 94 39 145 37 89 105 96 73 32 39 156 47 33 131 45 45 32 48 0 33 91 58 96 3 46 3 125 37
32
14 110 116 16 12 42 6 18 20 12 58 94 50 86 100 78 12 50 84 30 16 116 80 59 37 67 23 58 61 117 14 108
43
8 27 8 57 90 83 13 81 83 11 99 46 75 64 8 19 36 25 43 75 57 8 95 19 20 45 95 82 96 94 99 82 88 9 27 96 99 43 90 76 82 27 8
26
48 11 87 40 63 84 40 15 84 38 26 86 72 11 86 13 10 38 84 86 11 19 86 12 51 47
37
100 16 16 114 25 49 31 162 126 135 91 124 68 194 194 68 93 143 127 131 91 127 31 70 98 135 100 194 68 145 194 16 25 70 162 126 100
33
49 129 143 143 27 45 153 19 99 64 19 66 34 64 143 49 36 23 45 27 136 68 45 99 43 64 53 143 43 49 49 68 19
25
123 44 161 118 11 117 45 114 44 45 117 143 90 91 11 114 11 118 143 20 110 161 8 84 91
27
107 38 33 74 2 30 33 74 105 2 111 47 23 23 138 15 15 102 51 16 33 122 33 102 150 40 53
23
137 56 147 68 38 49 95 38 15 165 25 10 174 15 38 68 25 95 137 56 64 38 137
25
27 27 56 9 27 49 49 28 49 79 9 9 49 48 28 79 68 28 56 9 27 28 28 43 56
43
27 52 2 38 2 38 67 77 17 17 4 2 82 50 17 82 14 80 51 50 2 34 51 47 3 82 51 52 14 4 2 27 14 14 80 34 70 52 85 14 50 34 27
22
133 1 62 14 71 116 129 79 11 109 142 159 10 134 62 151 59 29 32 47 64 110
38
145 15 74 183 38 85 15 139 99 141 106 183 178 85 174 85 33 141 18 102 15 174 191 183 70 146 21 181 145 141 139 106 183 15 145 141 139 145
32
158 47 158 149 91 1 47 137 37 137 78 21 77 189 147 165 31 106 122 189 164 137 77 122 156 33 101 23 20 169 37 31
25
52 43 66 160 55 87 128 162 86 149 78 165 86 27 72 51 115 149 162 90 102 128 46 117 47
21
53 166 157 24 179 59 110 188 149 66 59 108 192 33 192 187 47 187 98 19 61
41
88 89 89 51 35 67 98 35 35 70 109 116 51 67 89 116 89 67 35 121 35 45 121 31 35 51 97 109 111 31 67 35 35 116 98 26 35 51 109 31 35
35
57 5 21 21 37 49 40 73 37 28 5 65 49 21 55 9 9 4 43 40 28 5 9 28 40 4 93 21 21 9 40 73 49 49 9
37
78 63 72 83 72 115 115 5 47 5 4 5 39 78 41 29 17 99 50 2 42 6 42 21 10 63 44 32 4 31 2 43 42 1 99 17 5
20
88 88 170 164 39 126 3 75 99 0 103 150 143 1 12 153 11 10 110 76
41
156 154 90 76 108 62 61 104 72 136 124 126 142 109 130 28 130 72 8 72 101 116 66 5 15 81 33 37 78 47 47 108 83 89 5 15 124 11 109 37 5
26
50 70 108 20 53 18 90 87 60 38 48 60 120 103 114 103 33 34 10 101 33 120 90 83 101 34
38
30 41 29 2 89 53 89 29 41 120 107 71 19 84 29 53 68 84 2 19 109 71 89 41 68 6 68 85 6 68 2 41 41 19 98 2 89 41
42
16 16 10 3 57 61 32 62 61 72 72 46 29 16 3 31 13 13 30 24 20 54 57 61 47 47 8 33 81 39 79 50 79 72 39 26 0 54 3 52 12 12
35
37 3 32 59 3 59 85 17 95 6 60 80 24 112 70 7 80 22 116 96 17 37 17 80 32 70 110 7 70 59 30 24 59 6 64
48
113 104 66 89 89 89 66 71 89 88 55 66 89 66 66 68 49 104 90 26 66 66 66 66 66 106 33 68 33 66 83 89 68 90 55 97 104 90 66 90 104 49 90 66 106 66 55 66
25
108 149 125 96 166 120 170 64 166 120 166 24 69 68 133 27 16 94 166 54 24 43 43 125 137
40
109 23 92 11 11 92 75 123 18 36 36 36 102 16 123 13 18 75 123 13 101 16 23 80 11 16 44 92 105 13 23 102 18 129 7 23 13 75 75 7
22
93 87 75 98 139 148 139 80 22 167 171 22 173 40 40 15 141 171 139 8 148 112
45
19 53 10 96 107 14 9 114 102 100 114 17 114 114 14 34 20 0 8 72 88 114 53 60 100 60 116 10 114 96 73 53 53 102 116 14 53 53 124 116 116 116 20 14 20
47
180 34 3 116 186 6 163 30 41 118 61 30 77 19 152 180 183 170 148 39 80 6 3 34 132 148 46 8 130 8 34 46 3 54 140 41 130 157 70 70 130 41 62 128 152 34 61
18
82 158 140 15 68 161 140 102 165 8 160 37 108 68 126 76 58 126
42
23 26 21 13 165 101 26 107 158 31 107 126 165 123 66 126 166 4 13 171 141 66 13 147 137 101 26 101 41 107 147 4 141 158 32 64 158 107 132 44 62 147
45
55 68 58 69 51 9 35 88 24 38 16 80 2 20 36 52 9 9 39 56 38 9 55 35 88 32 12 71 71 16 56 52 16 35 66 80 16 12 56 66 69 2 24 52 40
36
76 76 101 5 54 111 76 37 54 101 76 37 43 72 96 54 5 26 69 96 71 64 28 55 28 5 54 138 141 58 138 141 138 30 37 147
42
34 35 78 56 72 56 42 7 56 83 41 42 73 33 28 35 35 4 12 53 84 12 53 78 2 7 35 35 42 42 56 64 28 10 21 61 18 30 41 7 24 16
36
42 119 104 119 91 84 119 128 131 169 55 108 84 119 18 18 81 155 42 84 100 19 133 143 98 19 160 31 133 110 131 119 152 168 129 99
41
25 100 96 100 18 97 136 36 40 96 78 103 62 62 67 155 79 103 123 100 100 72 62 96 155 86 100 18 100 18 62 86 95 26 122 40 72 26 36 100 62
42
172 170 159 170 39 170 163 117 162 41 54 126 153 117 163 44 54 172 54 103 74 103 117 172 163 188 162 170 172 72 170 117 188 151 39 39 90 188 163 20 170 39
32
124 82 58 58 111 53 60 142 0 58 115 2 85 107 90 2 115 0 131 107 173 60 2 156 107 60 173 107 0 180 2 110
27
121 37 126 126 121 112 37 83 131 37 8 109 83 121 45 100 83 83 83 97 8 127 114 121 109 37 121
25
10 100 60 97 90 60 35 123 87 136 83 61 88 136 123 55 61 55 56 113 63 90 87 90 60
42
180 7 80 25 180 80 152 132 109 6 25 6 6 101 34 90 181 34 117 6 87 90 25 19 117 34 152 117 30 78 177 80 185 78 76 6 87 116 78 180 117 19
46
44 171 142 15 109 15 7 142 160 24 142 15 109 109 44 15 160 142 7 142 85 144 120 160 171 90 160 15 2 7 44 15 153 15 24 69 40 160 142 142 44 32 44 44 7 160
22
81 144 144 121 6 144 107 144 78 113 107 114 55 6 179 6 91 144 55 186 113 162
27
31 91 31 34 57 10 54 66 44 44 66 75 48 9 36 82 11 83 9 63 28 31 19 66 28 70 31
31
113 109 43 76 138 64 93 93 17 109 87 17 109 104 76 93 7 93 76 35 121 113 55 35 64 43 93 64 64 64 2
47
60 23 89 61 60 15 23 60 53 15 61 89 36 4 84 53 53 23 60 60 4 36 61 60 53 23 60 4 53 36 53 23 15 23 60 36 23 53 4 60 30 61 23 53 53 60 30
36
60 54 51 19 29 5 16 5 10 5 5 13 5 17 81 39 16 54 54 16 8 54 46 24 54 62 54 62 13 46 0 54 24 29 72 13
25
78 36 32 21 5 62 11 32 59 32 78 30 29 3 79 67 29 45 49 30 36 14 12 14 79
31
4 130 25 14 130 32 47 85 85 34 34 130 130 68 111 42 68 131 130 34 68 68 74 34 34 85 111 34 34 88 23
